94621;
61308;
157262;
157262;
169772;
18282;
88233;
108893;
58678;
55123;
161970;
78345;
131982;
71385;
161970;
108893;
131982;
18282;
88233;
146799;
161970;
78345;
38525;
61308;
157262;
88233;
38525;
178269;
8673;
88233;
131982;
78345;
106407;
136068;
58678;
157262;
131982;
8673;
88233;
71385;
58678;
161970;
108893;
58678;
71385;
131982;
136068;
58678;
146799;
23076;
161970;
18282;
88233;
146799;
161970;
146799;
71385;
61308;
98402;
178269;
8673;
108017;
122404;
58678;
18282;
88233;
131982;
88233;
108893;
58678;
61308;
178269;
131982;
78345;
61308;
36791;
131982;
131982;
88233;
161970;
146799;
157262;
161970;
98402;
157262;
169772;
94139;
88233;
146799;
71385;
108893;
106407;
23076;
71385;
106407;
108893;
88233;
38525;
61308;
157262;
157262;
169772;
94139;
88233;
131982;
88233;
61308;
178269;
76268;
161970;
108893;
131982;
71385;
88236;
161970;
98402;
133420